,predictions
0,0
1,0
2,0
3,1
4,1
5,1
6,0
7,1
8,0
9,1
10,0
11,0
12,0
13,0
14,0
15,1
16,0
17,1
18,0
19,0
20,0
21,0
22,1
23,0
24,1
25,0
26,0
27,0
28,0
29,0
30,0
31,1
32,1
33,1
34,0
35,0
36,1
37,1
38,0
39,1
40,0
41,0
42,1
43,0
44,1
45,0
46,1
47,1
48,1
49,0
50,0
51,0
52,0
53,0
54,1
55,0
56,0
57,1
58,1
59,0
60,0
61,0
62,0
63,0
64,1
65,0
66,1
67,0
68,0
69,0
70,1
71,0
72,0
73,0
74,1
75,0
76,0
77,0
78,0
79,1
80,0
81,1
82,1
83,1
84,1
85,0
86,0
87,0
88,1
89,0
90,1
91,0
92,0
93,1
94,1
95,1
96,0
97,0
98,0
99,0
100,0
101,0
102,1
103,1
104,0
105,0
106,1
107,0
108,1
109,0
110,0
111,0
112,0
113,0
114,1
115,1
116,0
117,0
118,1
119,1
120,0
121,1
122,0
123,0
124,0
125,0
126,0
127,0
128,0
129,1
130,1
131,0
132,0
133,1
134,1
135,0
136,0
137,0
138,0
139,1
140,0
141,1
142,1
143,1
144,0
145,0
146,0
147,1
148,1
149,0
150,0
151,1
152,0
153,0
154,0
155,1
156,0
157,1
158,0
159,0
160,1
161,1
162,1
163,0
164,0
165,1
166,0
167,1
168,0
169,1
170,0
171,0
172,0
173,1
174,1
175,1
176,0
177,0
178,0
179,0
180,0
181,1
182,0
183,1
184,0
185,0
186,0
187,0
188,1
189,1
190,0
191,0
192,1
193,0
194,0
195,0
196,1
197,0
198,1
199,1
200,0
201,1
202,0
203,0
204,0
205,0
206,1
207,0
208,1
209,0
210,0
211,1
212,1
213,0
214,0
215,0
216,1
217,1
218,0
219,0
220,0
221,0
222,0
223,1
224,1
225,0
226,1
227,0
228,1
229,1
230,0
231,0
232,1
233,0
234,0
235,0
236,0
237,1
238,0
239,0
240,0
241,0
242,0
243,0
244,0
245,1
246,0
247,1
248,0
249,0
250,0
251,1
252,0
253,0
254,1
255,0
256,0
257,0
258,0
259,1
260,0
261,1
262,0
263,1
264,1
265,0
266,0
267,0
268,0
269,0
270,1
271,0
272,1
273,0
274,0
275,0
276,1
277,1
278,0
279,0
280,0
281,0
282,1
283,1
284,0
285,0
286,0
287,0
288,1
289,0
290,0
291,0
292,1
293,0
294,0
295,1
296,1
297,0
298,0
299,1
300,1
301,0
302,0
303,1
304,1
305,0
306,1
307,0
308,1
309,1
310,0
311,0
312,0
313,1
314,1
315,1
316,0
317,0
318,0
319,1
320,1
321,0
322,0
323,0
324,0
325,0
326,1
327,0
328,0
329,1
330,0
331,1
332,1
333,1
334,0
335,0
336,1
337,0
338,0
339,1
340,0
341,1
342,1
343,1
344,0
345,0
346,1
347,0
348,0
349,0
350,0
351,1
352,0
353,0
354,0
355,0
356,0
357,1
358,1
359,0
360,0
361,0
362,0
363,0
364,0
365,0
366,1
367,1
368,0
369,0
370,0
371,1
372,0
373,1
374,0
375,0
376,0
377,0
378,0
379,0
380,0
381,0
382,0
383,0
384,0
385,0
386,0
387,1
388,0
389,0
390,1
391,0
392,1
393,0
394,0
395,0
396,0
397,1
398,0
399,0
400,0
401,1
402,0
403,0
404,0
405,1
406,0
407,0
408,1
409,0
410,1
411,0
412,0
413,0
414,1
415,1
416,1
417,0
